000001002000030450005000016000060000070803900300090087010080200087004000206009000  9.6  9.6  9.2 champagne   
200001007006090000040300000009007008010000030500000600030005010008060400000400002  9.3  9.3  9.3 gsf         
100200300020040050006003000704000060000060000060000508000900600070080040009002001 10.9 10.9  2.6 champagne   
000000100000020034001050670080009005002060700500400080057040200920030000004000000  4.8  3.4  3.0 joel64      
001002003000040050600300200004070008030500090700000100008007009090030000200800600 10.5 10.5  7.8 m_b_metcalf 
000001002030000040005670800001008500002040000500900000007800100060000030400000009  3.8  3.8  3.8 m_b_metcalf 
000000000000102340000304250067000810000000000045000760073601000012703000000000000  6.7  2.0  2.0 joel64      
500001003080090020007600400600000100010030040005000007004008900090020050300900004 10.1 10.1  9.2 Patrice     
100020000030004500006700080007000060600000001050000200008002300040600070000010009  7.4  7.4  3.0 joel64      
009080700060005090400000302000000010100070500050000000907060003040300070002000400  9.1  9.1  9.0 champagne   
010200300004003050000010607020100800000000000003002090402070000080300700009005060  5.7  5.0  3.8 JPF         
000009002030000040005760900004007500007090000100400000006500100080000030400000008  8.3  8.3  8.3 gsf         
000001002000020340002506070008009400060070000301200009010600080086000100700004000  5.7  4.0  2.6 joel64      
000000000012000340040105060006070200000801000007090800050902080063000150000000000  6.2  3.2  2.6 m_b_metcalf 
001000020030400500600000001050030700000750402000000060040580000200006000007010000  8.1  1.2  1.2 champagne   
300100600090000007000040020400806000008020000000904300700003200002000004050000010  6.7  6.7  6.7 1to9only    
001960000090000600030004020005700800000080000004003200010800030007000060000092400  6.1  2.6  2.6 1to9only    
000007004003020070040500600005000030070080002100009700006008400020300080900010000  6.2  6.2  3.4 champagne   
080000020304000501090301040007090100000702000006030900050204030408000205060000010  7.1  7.1  7.1 gsf         
100000200020900000506000007700300000080040000009001060070200300005030010400006809  2.6  2.6  2.6 gsf         
100000900080400000706000004500800000090010000002005090030200800007060050400003201  6.9  6.9  2.6 ronk        
001000200020304050400000006050407060000000000070605030800000009090501020007000400  7.8  7.8  3.4 JPF         
000001002000030045000240670003608000028070004900400000007000030086000200350080006  8.9  8.9  8.9 m_b_metcalf 
100200000030040050006000708400607030000010000020504006905000400070060020000003001  1.5  1.5  1.5 m_b_metcalf 
006203400050000080400090003600309007005000100200501004500030001060000040007104200  9.0  9.0  9.0 m_b_metcalf 
000001002030000400001050060000002005007040300100600000040030800005000090200800000  6.8  3.8  3.8 m_b_metcalf 
001000000020003010300200400005106003060030070400807900006002009080700020000000500  7.7  7.7  7.3 Robbie      
010020030400000002023010560004102700070405020000080000080060050500309001007000600  2.6  2.6  2.6 joel64      
001002003000040050600500400007300001080000040200000300008001005030050000900600200  4.7  2.0  2.0 joel64      
000001002000030045000200670006000030020006500500010006003020004018700050490008700  4.2  4.2  4.2 m_b_metcalf 
060000000400020030005600900009060020080300400000007001003050010010400800000001007  6.6  6.6  6.6 Pat         
100020003040000500006000070000130000200408001000092000070000400005000060900010008 10.3 10.3 10.1 champagne   
012030000450600000700000800080002010500040700000900006006070400000300009000001020  8.5  8.5  8.5 JPF         
120000000300010000004200500006500400040007080000030007008600200000070003000001040  8.1  3.8  3.8 1to9only    
000001200010030040500400000600070800040105060007060009000006003030020050009300000  6.5  2.0  2.0 Mauricio    
001020030040005010500100600005700080700000003080006100002004009950800020000090300 10.3 10.3 10.3 champagne   
000001002010030400005670010006000008034000620900000500060047200003050090700100000  4.4  4.4  4.4 dobrichev   
004600000030008500200000070100300040000070000060000008080000001003700020000005304  1.5  1.2  1.2 coloin      
000004600070090030100800000300020700060509020002010005000003004010050070008900000  9.1  9.1  8.9 gsf         
100000002030000040005002100600001700007200000050040000040060500076300010000008009  7.7  7.7  7.7 1to9only    
001200030000004500600030004700502010000080000020709003900020007005100000060008400  5.0  5.0  2.6 champagne   
100000002030400500006000070040320000000508001000064000050000800007000030200010006  7.0  2.0  2.0 champagne   
100000200030040010000500006007809040000070000090304100200005000080090030006000002  4.7  3.4  3.4 Patrice     
010002000200300004000040050600104030001000700080907005020090000800005001000600070  8.5  8.5  7.6 m_b_metcalf 
001046002060200003700000000000800060090010080070004000000000008500007090400980100  7.3  7.3  7.3 gsf         
000001002003040100050200060002100050700080004080009600040008030009050200600700000  8.8  8.8  8.8 Robbie      
100002003020040050006500700001007006060000030300000100800006400010080070007200005  4.7  4.7  3.6 m_b_metcalf 
012000000304000200560700000006800700000010009000009050080200600000005003000090010  9.1  9.1  9.1 Patrice     
000003002070000100001060090000004003009070600800200000010050700008000010200800000  7.8  7.8  3.8 JPF         
000800702000107040000026001570000230001000900029000018100760000030502000705001000 10.4  1.2  1.2 eleven      
102000300040000050600007102000108400000000000003905000709300001080000070004000206  7.4  7.4  7.1 m_b_metcalf 
000003002001020030040500700007000003020060040500000100005001070060090200800400000  4.2  4.2  3.4 ronk        
001000200030004050600000001000300070000060800040005000900080006080700040002000900  9.6  6.7  6.7 m_b_metcalf 
100200003020000040003005600700004800000020000002700004005600900070000080900008001  4.0  2.8  2.8 champagne   
100020003020000040000405000005000600600030007007000800000704000030000050900010002  7.0  2.6  2.6 Mauricio    
120300000400000300005040010600010020007600500000008006090070080008900400000002009  3.2  3.2  3.0 champagne   
009008070000060005400300800008100300060070000100005000003200004500000090070000600  8.2  7.1  6.7 gsf         
120300000400000500006070020500040010003800400000007005080020090009100300000008006  4.7  3.6  3.6 gsf         
800301002000000000001060900200000005007080100300000004006070500000000000400508003  9.2  9.2  2.6 gsf         
003004009000050010600700200005600004080000090100000700004005003030090000700800900  2.6  2.5  2.5 gsf         
000001002003800900040050030020700004004000100700003050050070010008002600600900000  8.0  8.0  7.2 Pat         
000001002000030450004600000006050070020300008900007500090006000010800004600070085  4.6  4.6  2.8 m_b_metcalf 
108700000060002000200050300500400200001000006090000050007100800000006030000030005  7.2  7.2  7.2 1to9only    
100000200030400000205000006700800000080050000009003080020300400006090030300007501  5.8  2.0  2.0 joel64      
000009087000070654000600390003004005040000070500700400036008000895020000420300000  7.1  7.1  7.1 champagne   
000001002030000040005060300000070060007500800900003007006080000040700080200009001  9.8  9.8  7.8 m_b_metcalf 
007003002000040080300700500003090004090200030100000200004007005080020000600500100  7.4  6.7  3.0 BryanL      
100000200030040000004003005000006500040020060006700008200800700000030080003001006  5.6  4.5  2.8 Patrice     
100000002030400500006000010070610000000308005000097000080000400001000070200060001  1.7  1.2  1.2 m_b_metcalf 
102003405000000000300106007001000708000000000604000500700802003000000000908500201  3.6  3.6  3.4 champagne   
100200300030000010000400002504106000000050000000708900300009500010000006007000040  4.0  4.0  3.0 m_b_metcalf 
000200900000304080000017006680000090002000500010000023700450000060708000008009000  4.6  4.2  3.0 ronk        
001200000030040050600000207800604010000010000090508004507000002020060030000009100  1.2  1.2  1.2 m_b_metcalf 
900001800030020010007500006004209000000000000000305700200007600080050030009400005  7.3  7.3  7.3 coloin      
012030004050006300700050080005690070000007406000002000060003005001000093000000800  5.0  4.5  2.6 dobrichev   
006000500000304000300070002080709060009000800010408090500040006000907000002000300  9.9  9.9  3.2 m_b_metcalf 
100050004400802010709000200090003000000060000000900060004000107030605008800040006  5.6  4.2  2.6 m_b_metcalf 
000001002002003450060070030000700080001005009380029000090000700046900003200040090  8.7  8.7  8.3 m_b_metcalf 
005100000090050000300008400800700900040000080002006001001900300000030008000004090  7.1  7.1  7.1 JPF         
001020030040005060700800100004700080500000006080003900009002001310400090000090600 10.2 10.2  7.1 joel64      
010020300200300004003000050030006010500010007000800600900002001004700060080040500  5.2  3.6  3.6 Robbie      
900008007060050090004600300200000900050070010009000005008006700010030040600400002  8.4  8.4  8.4 champagne   
102003000040500000300006100070000080000000005609000200003002900000800004000090072 10.0 10.0  3.4 joel64      
090000080008000700000205000002070400070000090006040500000109000003000600010000030  6.5  1.2  1.2 m_b_metcalf 
102000300043000000560700000008300500000008040000010009600200400000090076000005090  2.6  2.0  2.0 m_b_metcalf 
010200300005003040000080902080600500000000000002009070903020000050100400001007060  6.5  6.5  3.6 1to9only    
800005006007100500010080030040800002006000900900004060003020050400007600070900003  3.4  3.4  3.4 JPF         
001203400000010000200506003607000504080000090903000208400702009000060000006901700  3.8  3.6  3.2 1to9only    
060000000400020030005900600009060020080300400000007001003050080050400200000001007 10.6 10.6 10.6 Pat         
001200000030040010400000506600401070000080000010603002709000008020060090000005700  4.5  4.5  3.8 champagne   
102030405000000000400605003005000700700080004001000900800907001000000000309020508  5.0  3.4  2.6 JPF         
010080500230000000004000008000600200600010090000004003500700010000020600003008000  3.4  1.2  1.2 gsf         
100020000030004500006700010007000060800000007040000200020008009001600080000050400  7.7  7.7  3.4 m_b_metcalf 
001002003000010040500600700004003007080000030900500800009004005010020000800700200  6.2  6.2  3.4 ronk        
000001002003400500050060040060700005004000600800000090030040010006009800200300007  9.3  9.3  9.3 m_b_metcalf 
010200000300004005006000700400706008000000020090805001007000000000080004020109080  8.1  7.3  2.6 champagne   
100400006020050070003000800500002060080030900000700000006040100070900020800000003  8.9  8.9  8.9 CSC         
900070020030500007002008600040300002200004800001060000004050100100000006060900070  5.8  3.8  3.8 1to9only    
010002000300400005000060020700308060008000200050209001080050000600004009000800070  1.5  1.5  1.5 m_b_metcalf 
001002003000010090400700800009006002030000050500300400006004007070030000900800100 10.4 10.4  9.4 ronk        
000009008007060500400300000006000010010030040090000700000003009002070600300400000  6.8  6.6  2.6 champagne   
000001023000040516000500740008007002060000090300900600014003000532080000870100000  9.3  9.3  9.1 m_b_metcalf 
700000400060020000003009008000003700010050060004800005500600000000040030008007009  7.5  7.5  3.8 gsf         
010020030300001004005000600070080000200107009000040080004000800900500002060030050  7.4  7.4  7.2 joel64      
000008270200040000800100000300905100070000080005203004000002005000030001039400000  5.0  1.2  1.2 gsf         
001020030320004050004000602070050000200801005000090060807000900010900083030010500  9.5  1.2  1.2 m_b_metcalf 
100002300020010040005600007001065000080400000600800900800003006090000030004000500  6.5  6.5  2.6 champagne   
180000000000000450400067000300600900040205010006004002000150009079000000000000023  7.3  2.6  2.6 gsf         
001200030400030005020000600700408000090010040000309007002000060500080009080006700  7.1  7.1  7.1 m_b_metcalf 
001000002003140050670008300030000000090000500006003070008090005060001000400000209  9.1  9.1  9.0 papy999     
100200003040010050206000000700108030000060000080507009000000604020080090400009007  7.4  7.4  7.1 m_b_metcalf 
000000000098007006054003002000020010000800600083009004000040500000700080025001009  7.6  7.6  7.2 champagne   
000004600080030010605700800200000300090000040006000005004005207020070080001400000  6.9  2.6  2.6 tarek       
001002000030040010200300005100006020004050300070800009700009008090060040000700900  5.9  3.6  3.6 champagne   
010000002300001000000040500000600040005070800020003000008020000000100003400000060  6.6  6.6  3.4 Robbie      
600800000030060100004009070700200040080010003009000800010006900006400000000030002  6.9  6.9  3.0 Pat         
102000300000009010700040008000800030004050200030002000800090001050700000007000503  8.5  8.5  3.0 joel64      
001200000003400000526300000738000000000000000000000653000001972000006400000008100  7.3  1.5  1.5 m_b_metcalf 
000000000001020300040506070008200500060009010002080900010307050005090100000000000  3.4  3.4  3.4 m_b_metcalf 
000000100020003040005080003000700030008060700070004000700010800040200070006000009  1.5  1.5  1.5 gsf         
650003009300006042000910030006000070004000800130000400000089000012700000860000000  7.8  7.8  2.6 1to9only    
100000008002003010040050600000005030005070900080900000006040070020800100300000009  3.8  3.8  3.8 1to9only    
100002030004500600070060001080000020009040003600000900030008100500900007008020040  8.8  8.8  8.8 m_b_metcalf 
102300000040005000300100600703000200000000000020000048001900300000004007000008052  7.7  2.6  2.6 m_b_metcalf 
006700000073020000910008000100000008080000090002000700000001089000030650000600200  8.2  2.0  2.0 1to9only    
100200300040005000006000070800010002000400900070003000300090100005000060000800004  8.0  8.0  3.4 Robbie      
010000200300420005000000360070000003080070009000005000607000100008000000040390008  7.0  3.0  2.6 m_b_metcalf 
000001002040000060001020800000006007002010300600700000009030100070000050300400000  1.5  1.2  1.2 champagne   
100230004004009080020000500700000050400060009030000070009000800080904000500010003  8.0  3.6  2.6 gsf         
000001200030020040205600100700000300080000060009000005006005903090070010004800000  5.0  2.6  2.6 Mauricio    
102300000040005000600000700500100600000080009030004020008700100000002004000090030  8.4  8.4  8.4 m_b_metcalf 
010090800004001070070000009005900040000800006000062000200005030040000702006000000  8.6  8.6  8.4 1to9only    
000001200010030040400500000500010600030607020002080009000008005070090080006700000  5.6  3.6  2.6 Mauricio    
100200000030040010005000602300702050000080000080506007703000100010030090000001005  2.5  2.5  2.5 joel64      
000001002030020100004560070008000005076000280900000700080019600001070030400600000  4.7  4.7  3.4 champagne   
000001002003004150010060040000700090009002008740098000080000300036400007400080060  9.9  1.2  1.2 GouinJP     
012000300340500000600070000030200600005060007000005020400600100000008009000090080  4.7  3.4  3.4 champagne   
100002003020400500006000010070050000000103008400079000050000600003000090200080004  9.6  9.6  9.1 m_b_metcalf 
010050030400000008020000090000106000700080006000704000030000080900000007050090020  6.9  1.5  1.5 gsf         
010002003200400010005000200040010006000708000300060090006000500080003001500900070  7.3  7.3  7.3 Robbie      
000001002003000040560000070000064800000209000001570000070000065090000300200800000  7.2  7.2  2.6 m_b_metcalf 
000001000002030400050600001005007080900050006030400200700008010009020300000100000  5.7  4.4  2.8 JPF         
100002000030040005004600070002800100070090040800000009000100002009030080050007300  7.1  7.1  7.1 m_b_metcalf 
010000200200340005000000670060000002040020006000008000807000900001000000090530007  7.9  2.8  2.6 1to9only    
001700000090004500700000080600100020000090000040000009050000004008200060000008900  5.2  1.2  1.2 gsf         
001002003000070050300400200008100004030000090500000800004008002070050000900200100  8.0  3.8  3.4 gsf         
001200300040005100200030006700050003006800700090004000170080600000000070008600001  5.9  4.0  4.0 1to9only    
009000500080000010700009008000008007000532000100400000800700001060000020005000300  7.1  1.5  1.5 JPF         
000001000020030040005600007809000050700010006060000709100003600050020080000700000  1.2  1.2  1.2 m_b_metcalf 
200008169100020000300700000600403500030000090001809003000007005000080006476100002  9.1  1.5  1.5 gsf         
000001230400030000100500000600307400010000070008109003000002009000090007095800000  7.3  7.3  6.7 m_b_metcalf 
560001009200004087000920050003000040006000900780000300000019000015800000340000000  7.4  7.4  7.1 m_b_metcalf 
001002000030400050600000000040700003000000060200008100000006800090010002000500039  7.3  7.3  2.6 Patrice     
000000000001020300030104050003000200060547030008000600070403010006080900000000000  5.0  3.8  2.6 Robbie      
001000203040000050607000004000604800000050090000700006100500008090010030204007100  3.2  2.3  2.3 m_b_metcalf 
010000200300140005005000060060700004050080007000009000600000300004000080070810002  8.0  8.0  7.1 1to9only    
010200000300004005000000300600702003000000080050908004005000100000090006090105070  7.0  3.2  3.2 m_b_metcalf 
001020300040506020200070005010000080907000401030000090400060008090708050008050900  8.5  8.5  8.3 m_b_metcalf 
000009007002010900490000000005102030000060000010805600000000049008020100300700000  6.6  6.6  6.6 JPF         
001000200030040010205006004000700080800090003090008000600800402010030070004000100  6.0  1.5  1.5 1to9only    
000001002002300400010050060060100007003040800900000030030070050009004200200500009  5.9  4.5  2.8 1to9only    
010020300300400005006000070050008030800060004000200900100002003007100060090050100 10.3 10.3 10.3 m_b_metcalf 
060002400400010800000000067000030005090205040100040700510003000006080009003700010  8.2  7.7  2.6 gsf         
012000300430500000607000008080600005000009200000010060700030000000002090005400007 10.2 10.2  9.4 joel64      
000001002003040500560000000007306040000010000080702900000000075009080600200100000  2.0  2.0  2.0 1to9only    
012000000300040000500100030003600070070080009000002500000005200004300010000090008  8.7  8.7  7.2 champagne   
000000001001002003040100050006503004020070030300208500060009070200400800800000000  7.7  7.7  7.6 1to9only    
030000000900020050005900600009060020050300400000008001006050080090800300000001007  8.0  7.3  3.4 Pat         
000009087000070695000600430008004003050000070200100500095002000823010000160800000  7.8  7.8  7.5 champagne   
001000400090006080400020001005703004000050000300208900500030007030900060007000100  5.7  3.6  3.4 JPF         
100020003004000050060000700000038900300960000000500002005800400070000060900001008  9.2  9.2  9.2 m_b_metcalf 
290400000140030000008000000500300200030006010000040006000900800000060005000008021  6.8  2.5  2.5 1to9only    
000001023003000004050000600000070089000408200300020040005080090800205700710900000  7.5  7.5  7.5 m_b_metcalf 
000102000030040050600000007007000300040708010900000002200000009080010040009000600  7.9  7.1  6.7 m_b_metcalf 
010002030200300001004150000006000400070060050005000700000084200800009007090200080  7.3  7.3  7.3 m_b_metcalf 
000100002000030040005006700100400500070000010002005007008200400030070000400008000  1.2  1.2  1.2 m_b_metcalf 
010200000003001040500060700080010000007408600000030020002070003060900400000005080  8.6  8.6  7.1 m_b_metcalf 
100020003040503060007000200050060080700304006010050070009000800020908030800030009  3.0  3.0  2.8 m_b_metcalf 
000000100020003040003050006000700020005080900030004000300070800010200070006000005  8.7  8.7  3.8 JPF         
100020000030004500006700080007000060600000001050000200009002800040600070000010009  7.6  7.3  3.4 m_b_metcalf 
090100020500060007000004000300050900050603010006020004000300000400090005020007080  8.3  8.3  2.6 gsf         
000000005000042860003500000007064080040800001080700020060000102010407000500010900  8.1  8.1  2.6 Patrice     
012030000450600000700000800070005040900040500000300006006080900000100002000009080  4.0  4.0  4.0 m_b_metcalf 
000001002003400500060070080080000007009060100700200030030050060005003900400800000  7.2  7.2  7.2 m_b_metcalf 
000001200030040050000600007002700000050003000600010030800000600010005040006000009  3.0  1.2  1.2 m_b_metcalf 
000000001002003040050040600000002010004050007060400300003008002080600050700010900  4.4  4.4  3.4 GouinJP     
010000002300000040005006700000058900000302000006140000008900500020000003400000010  7.4  7.4  7.2 m_b_metcalf 
000010000000234000005607100001040800060000020300000006006090500080000040200000003  6.9  1.2  1.2 m_b_metcalf 
000000001002003400400050030060705008009020600300906050010070004008500700900000000  8.3  8.3  8.3 SCLT        
000001009009040050070500300006008005050020090200300000008000700060010040300800001  2.0  2.0  2.0 gsf         
100020003040000050006000700000403000700000008000605000009000400050000060300010002  6.6  2.3  2.3 joel64      
000000001000002000000310450003007008001005040020480090005000709002098010600500200  7.9  7.9  2.6 gsf         
000003091000400650000050308040905700006002000100640000065700009410000000307000800  5.0  5.0  3.0 gsf         
001020300040003050300000601000500020700060400080009000203070004090800030008000100 10.3 10.3  2.6 joel64      
400300600000000007009020050600204000001090000000601800300008400005000090070000001  9.7  9.7  9.5 JPF         
000001000002300400050060070010600008008010900300005010080090060007006200400700000 10.1 10.1  9.9 m_b_metcalf 
000001002003040500560000000007405060000020000050803400000000081009080300700600000  4.0  4.0  4.0 1to9only    
102000300000005010600020009000700040008010700020009000300060005040500000006000401  4.6  3.8  3.8 joel64      
000001002000003450004020031000300060006078000970060004060000005059800070201007800  5.7  4.2  2.8 champagne   
000008350800070000500400000400000800020090070006000005000007004000030009071500000  1.2  1.2  1.2 gsf         
000600708000103040000087009470000590005000800083000067100560000050304000302001000  5.6  4.7  3.4 ronk        
012000300450300000607000008080600004000001200000020090300070000000009050004500006  9.6  1.2  1.2 GouinJP     
100002003003000040050060700000008090800000006020100000006040030070000500900200008  9.7  9.7  9.3 m_b_metcalf 
001000002030004000500060700000008040005020100090300000002010007000800090700000500 10.1 10.1  8.4 m_b_metcalf 
000004560800060000900700000600902400080000020007601005000005001000030004032100000  6.2  6.2  2.6 ronk        
100300000030040050006007000700000300040050020009000006000400900020030010000006007  9.2  9.1  3.8 gsf         
001002003000010040500600200006700002070000010100008500003004007090050000200300600  6.0  1.2  1.2 champagne   
000000001002003450040060730000800090001005004090072000023000040076300200800020000 10.4 10.4  3.4 champagne   
100020030040100005006007100050400006800001300007090000009050800200000009080900070  6.8  4.4  4.4 m_b_metcalf 
000001002030000040005060700000010020008300500600005009007020000040800010900004006 10.3  6.7  6.7 joel64      
000005004001400500020090080030500007002070600700006090010030050007004800900600000  2.3  2.0  2.0 coloin      
900006004005300200060070080040600002008000100200001090003060070800004300010900008  6.9  6.6  6.6 Hajime      
009008070000060005500400300008900400060030000300007000004500002700000050010000600  2.3  1.2  1.2 champagne   
100000000002100300030040020040305000005020600000600070020070080003008900000000004  4.6  2.5  2.5 joel64      
500002004040090010002100700004005008050000060800000900700003600060080020009600001  6.9  6.6  6.6 Hajime      
000001002001030040050600100005007600030080001200400050006700003040008090500090700  7.3  7.3  7.3 champagne   
100000002004002300060080040000800090005010400080009000050090070002300500300000001  1.5  1.2  1.2 champagne   
140008003900007082000360090008000050005000200690000800000015300061200000570000000  7.6  7.6  7.2 JPF         
100002300020040005006700080009103000000000000000504700070006500300010090008200004  9.2  9.2  9.2 Robbie      
100000200000300040000050607070400000500010800003006090008200000040009000900040001  4.4  3.8  3.4 m_b_metcalf 
000001002003400000050060000060700005001020300500004060070080090005003100800200000  5.7  4.5  3.4 dobrichev   
000400506000802070000051008780000650001000800046000093100970000030204000904005000  8.6  8.6  8.5 Patrice     
100230000004005000060000100700008090900040005010300060005000800000906000000020004  5.6  4.5  2.6 Patrice     
000001020300000400015600700600080100000905000007020009002009680006000005030400000  8.7  8.7  8.4 m_b_metcalf 
180400000300060700009002000200800600040070090003000001070300900000090060000001004  4.2  4.2  3.6 Pat         
000001002003000040560000070000016800000405000009870000020000051090000600800200000  4.8  1.2  1.2 JPF         
000010000002304500060000070100000007080000090003605400070090080500030002000000000  4.5  4.2  2.6 m_b_metcalf 
100002007040030060006500200003000006010000050800000100200008900090050040007400005  1.2  1.2  1.2 999_Springs 
000001002002030400350000060007004001080020050500100800060000097009010200700900000  4.2  3.8  3.2 1to9only    
000702030800000500026008100904603005000000000300501604003800960008000007070106000  4.8  1.2  1.2 gsf         
500700000040001000003050400300000800005020001070008060004600308000002079000090540  5.8  3.6  3.6 Pat         
007000200080006050400070001000200060005060900020003000700050009060800030009000400  8.9  8.9  8.9 gsf         
700600008090000050002003000600105700000090000003806001000700900050000040800009002  6.0  1.2  1.2 JPF         
100203400200500000060070000703000010008000500090000804000030060000007008002809005  6.2  4.5  3.4 joel64      
100200000030040500006007080500600090080030005007000200020005100009400000000080003  7.1  7.1  7.1 champagne   
000070000002603500060000020500000002070409010008000300040090070006000800000010000  7.0  2.0  2.0 tarek       
850600000470010000002000000600400300030009020000050007000800400000020005000007092  9.4  9.4  9.3 JPF         
000100200300004005050060070608000090000090000090000407060070050400200001003001000  8.8  8.8  8.8 m_b_metcalf 
120300400500060000006007000300000050040080900001006008900040500000100007000005040  1.2  1.2  1.2 m_b_metcalf 
005000060060020005400003200002004006070010020800600100004900007100070040050000600  5.2  1.2  1.2 Pat         
100200300030000040000500006205407000000020000000806900300001200010000005004000070  5.6  3.4  3.0 JPF         
000001002000020340005000061000010000040307800600080013090070500032004000706009000  5.6  4.5  2.6 m_b_metcalf 
090607020800050000000000700600403070000000000030201009008000000000080006020309010  5.2  1.7  1.7 Pat         
010002003200400050004000600070020006000103000800040090003000700020001005900200080  3.2  3.2  2.8 Robbie      
000100000020030040305000600400708030000050000080302007001000905070080020000009000 10.1 10.1  9.3 champagne   
001200000003400000456300000784000000000000000000000124000008719000001200000005800  1.5  1.5  1.5 m_b_metcalf 
400800000008090003057400000106000000020000010000000807000006054000010200030002100  3.4  3.4  3.4 1to9only    
000001020000030004001500600007006003020000080900700500006005900700040000080200000 10.8 10.8 10.4 1to9only    
010002000300400005000050060700105040001000800060908007040070000900003002000600080  7.3  7.3  7.2 m_b_metcalf 
100000230000002045000060007020400060408000500600501000096070000003009000000350009  5.0  5.0  3.0 Robbie      
006000208050000060204000001000301900000070030000600005400800003090010070102003400  8.9  8.9  8.9 coloin      
010002003400003050003610000006000027001000800870000400000074900090300002500200010  7.9  7.9  2.6 m_b_metcalf 
900008007060050080004600300400000900050040020009000003008006200020030050700200001  3.2  3.2  3.0 champagne   
100200300000050080005003006700000900020080070004000001500700600080020000006004009  8.4  8.4  8.4 gsf         
100020003020000400005000060000140000700308001000096000080000900006000080200030007  2.5  1.2  1.2 champagne   
010002000300040500000000060000020004030408010100070900080006000009050007000800020  4.0  4.0  3.4 gsf         
000000001000002000000130450005006003001005070020740080004000908003094020900600300  5.4  5.4  4.4 champagne   
000702010700000500026008400904603005000000000800907601005800260007000009090306000  7.1  7.1  7.1 gsf         
908000700000007050407020008000700030002000800060001000100030204040600000009000503  8.8  8.8  2.6 champagne   
001200000030040000500006700700600800040000050006001009002800400000090001000005090  7.6  7.6  7.3 1to9only    
103000500074000000850100000006300200000007090000090004300200600000040082000008070  7.7  7.5  7.3 Pat         
010000230400050000000100670005000000030020008000006020609000700702004000000080002  7.8  7.8  2.6 m_b_metcalf 
000001002001300400030050060050400006007080500900000080090030040003007900200900003 10.2 10.2 10.2 m_b_metcalf 
102003405000000000600102007005000802000000000708000600300607009000000000209400503  3.4  3.4  3.0 m_b_metcalf 
100002300040010020003500006007100000000806000000005900300001400090050070006200008  9.6  9.6  9.1 Patrice     
100020030040500006007001400080300002900007500001080000006040300300000009010800070  3.8  3.8  3.8 m_b_metcalf 
000100203000405060000072004540000830001000400096000017100250000080701000902004000  6.9  1.2  1.2 m_b_metcalf 
100000002030004050006000900000501030000060000070208000009000600050300040200000001 10.0 10.0  3.4 m_b_metcalf 
090200000300004008006000500200507004000000030070301002007000600000010009040608010  7.0  7.0  3.2 gsf         
100006700070030090005900002007320000040860000300000800600002009050000040001000200  7.0  7.0  7.0 1to9only    
000100200030000040005060007800504000009080000000702100200003800010000005006000090  4.4  3.4  2.6 m_b_metcalf 
300900200004005030050100009709001400000000700020600081600250000030006000007009008  5.6  3.6  3.6 gsf         
900000006020080050005607800003508700000000000004102900002309600070010030300000004  9.2  9.2  8.5 gsf         
000200700060000080005010003900701000008050000000802100700009200030000006004000030  9.6  9.6  9.3 1to9only    
100002003040090050006700800008000001050000020700000300200008600000040010009500007  5.4  1.2  1.2 champagne   
100200003002040100030005040600400007050030400001008000010020300007000080900800005  7.2  7.2  7.2 papy999     
001000002030004050200600700005400080000090000080006900004005001060900030700000800  5.7  4.2  3.4 joel64      
003000005010008000200060900000006080005030400060100000008050009000600010400000700  6.6  6.6  3.4 JPF         
001200030000000014500040600006003000050010700800900002000007006030050000900400800  8.7  8.7  8.4 Patrice     
900000004001008050020300700005200080000060000060007300004009070030600200800000001  5.8  4.2  3.4 JPF         
010800002000040090007000600020001000009000040500300008000060700800002005030500000  9.9  9.9  9.2 1to9only    
100000002030020040005106700002604300000000000008702500003809400040060090500000007  9.2  9.2  8.9 JPF         
100000009004003070060080300000008040008070100050400002009040060020500900300007000  8.3  8.3  8.3 1to9only    
000001002010030400005260010006000003047000580900000700060075200004010090800300000  8.6  8.6  8.4 dobrichev   
000100500000203080000065004710000020006000700040000098400570000020309000003008000  4.2  4.2  4.2 Patrice     
001000200030004050600000107000008090000090000050407000307000001040900070002000800  6.7  6.7  3.4 joel64      
000003007005060800100200000007000080030050010090000200000007003006010500200900000  6.7  4.0  3.4 gsf         
000000007008003090400020000060700008002050400900001060000080005020400600600000000  6.6  3.4  2.8 gsf         
800005007002860040050000000004003002020000060500700800000000070060054300300200001  8.1  7.2  2.6 ronk        
000000001002003450050060320000500030005007004080014000028000090093800600100090000  9.5  9.5  9.3 m_b_metcalf 
000004100080030050605700800200000300030000020006000007007005209020010080009400000  7.0  7.0  2.6 tarek       
100200300020030040003005002400300100070040060006008004800600900090080070001009005  7.0  1.2  1.2 gsf         
070000004400000090003001500000058300000702000002960000001500200060000007900000040  8.3  8.3  8.3 gsf         
100200000003040005067100000801000000090000020000000308000008094000030700040005600  7.5  7.5  2.6 JPF         
010000230400050000000100670008000000050030001000006090307000800602004000000090002  4.2  4.2  2.6 m_b_metcalf 
102003000040500000600007100080000040000000005209000300007002900000900008000040063  8.7  2.6  2.6 m_b_metcalf 
100020003300405060705000800030006000000050000000700090001000608070802001800040009  5.9  3.4  2.8 papy999     
104700000050004000700060200800200700003000006090000050002300100000005060000040003  7.8  7.8  3.8 1to9only    
001000900020103040600000007080701020000000000050409070800000001030504090007000400  4.7  4.7  3.4 gsf         
100200003040050010603000000700804030000010000020705004000000308060080050900007002  7.0  6.6  2.6 m_b_metcalf 
001002003040000020500040100000506007006000500800904000003090006090000010600800300  7.7  7.7  7.2 Mauricio    
001020030020004010500300400006700080700000009080005300004008006910600050000090700  9.0  9.0  9.0 m_b_metcalf 
012000000300040000500600020007800060080030005000001800000008300006900070000050004  7.9  7.9  3.8 Robbie      
000001002003040050060700000008000007040050020100000600000006100050030040700900000  7.6  6.7  3.4 joel64      
100002030004100500060030001070000080008090003500000700080003100600500007002060090  4.2  3.8  3.6 JPF         
100020000030004100005600070001000080900000003040000200006002400080700050000040009  7.6  7.6  3.4 champagne   
001002003030040200200500060005000007060010030800000900040009008009060050700100300  9.7  9.7  9.7 Mauricio    
000000027000003600000450003007000005009605100300000400200087000004200000160000000  2.0  2.0  2.0 gsf         
100002300020040050006700008009020000000508000000060100600003500040070030007200009  9.5  9.5  9.5 dobrichev   
007000500020103040400000002080209030000000000010405070800000009050308010006000400  5.7  3.6  3.4 gsf         
000001000000200034005060700008000029400030007650000800006070200930004000000100000  3.4  3.4  3.4 m_b_metcalf 
100200003020000040005006700800009500000030000009700006007900200040000010300008007 10.5 10.5 10.5 champagne   
700500000040010050006002000800000500010050090002000007000700800090080010000006002  2.8  2.8  2.8 Patrice     
000000012000003400000250006005000007006304800300000900800096000002700000410000000  9.2  9.2  2.6 m_b_metcalf 
000003002000070040001000980000200000040008001300019056009000300085004000700061000  5.6  4.2  2.6 Pat         
012000000304000500670100000001800700000030009000009050080700400000006002000090030  2.6  2.0  2.0 m_b_metcalf 
000102030200000100014005600706804003000000000900703508003500890005000006090406000  9.0  9.0  8.3 m_b_metcalf 
100002300000040050000600007000030020004809500090070000300001000080090000007400006  9.3  9.3  9.1 JPF         
000009008008070060050400900003000009070060040200000100009003020040020700100800000  7.5  7.5  7.1 champagne   
100020003030400500006005070080010009400800600003007000020050400001000090700900008  4.5  4.5  3.6 Robbie      
002000007090003080700500200001800090000010000030004600007006002050400030200000100  5.6  4.5  3.4 papy999     
100040009050700300009002050010050004600800100002003000030060500001000060800900007  8.4  8.4  8.4 m_b_metcalf 
100002003004500600020040070200000080008000700070000006080030060002001300400600005  9.8  9.8  9.2 m_b_metcalf 
020508070500030000009000600400701020000000000070203009005000200000010006040905010  8.2  8.2  7.1 ssxsssxs    
010020030004500006000000000200007000080060003003200090901700050060090007807004000  7.8  7.8  7.6 m_b_metcalf 
010020300300400005006000070020001030800070009000500800700008003008200060090050400  9.5  9.5  9.5 1to9only    
000002001003400500020030090070000006004050800800600050010040060007005100200700000  8.1  7.8  7.8 JPF         
006004001070050090500100700004003008080000060700800400007006002050030040300200100  6.6  6.6  3.8 ronk        
001000200030004000500600004005407020700060005080905700900006007000500010008000300 10.9 10.9  9.5 1to9only    
001002000000030040400500600007004008010000090900600500003009007020080000600100200 10.1  7.1  3.8 joel64      
001000200030004050600000708000003090000020000090106000307000006040500020002000100  7.1  7.1  7.1 gsf         
007000100020030040300000008200000007070601090008000200001307400090040070000805000  5.8  1.2  1.2 gsf         
001900003000020100500003090700600001010070600006000040020080900003002050400700006  4.5  4.5  3.6 Pat         
600800500000009003002000010900508000000020000080907600400005900001000030030000008  7.1  7.1  7.1 1to9only    
000000000001020300040506070008600900070001040002080003080400050004090100000005000  7.7  7.7  7.6 m_b_metcalf 
000005006004700300070080020040000001006030500100400080030020010005009200700800000  8.5  8.5  8.5 JPF         
000000003002003040500060000040700005006010200800009030000050006080400100900000000  9.3  9.3  8.3 joel64      
600200900030010020005003006900001200070040090004300008400500600060070080007008009  4.4  4.4  4.4 ronk        
000100200030000040005060007800602000007030000000709100200006900070000005004000030 10.3 10.3  9.2 m_b_metcalf 
100002003002140050060000000003007001040000080500400300000000030050094700900500008  3.2  3.2  3.2 joel64      
000001020300000400015600300600020700000508000009040003008005960001000004070200000  3.8  3.8  3.4 Mauricio    
800400500001006090030100007502007100000000200090200085200760000010004000007009004  6.5  4.5  2.6 Patrice     
000000001000002000000340560007004008006003040020870050003000906004017020900200400  1.7  1.2  1.2 m_b_metcalf 
100200003000030400005600070203060008060800100000005000040010200007000050800900004  8.4  8.4  8.4 dobrichev   
010000002200003000000040500000600040007050800060002000004080000000500006300000070  3.2  1.2  1.2 1to9only    
100200003030040050006000700600007080040030100000500000002080000010900042900000070 10.2 10.2  9.4 dobrichev   
900000700020400000306000008600800000090010000007006010080700600002050040400003201  3.4  3.4  3.4 ronk        
800600034000000902000001670007006800090020000500900001002004000080070000100500003  6.7  6.7  3.4 champagne   
000001009000070040000300500006004001070000080500900300004006200010080070900500000  8.0  7.2  3.4 pseudocoup  
160200000807000000030000400200700800000010060000006009004800700000090006000002010  5.0  1.2  1.2 1to9only    
600500700050080004000001020300208000090000000008704000500000100001000072060000080  3.2  3.0  2.6 1to9only    
001000007090008040500300600006800090000070000010002800007006005040200030200000100  9.1  9.1  9.1 ronk        
001000020030040001500001300006007008080030070400500200009200004700060050010000900  7.4  7.4  6.7 GouinJP     
001020300040503060300070004030000020208000703070000090900050006050108070007060500  9.1  9.1  9.0 TTHsieh     
004000007090008030600010200000003000030060050000500000002090004080100090700000600 10.4  1.2  1.2 gsf         
000000000001020300020405060005600200070008040009040800060802050007050900000000001  5.2  5.2  3.4 1to9only    
102300000000004000400050600500700800003080007040000010009200400000001005000070060  4.2  4.2  3.4 m_b_metcalf 
010008002800300050006000800050010008000203000700040090007000600090002007300700040 10.7 10.7  9.4 m_b_metcalf 
010002003200000040004560000005000037007000100300000600000085300040100089700900020  3.2  3.2  3.0 champagne   
000100200030040005000006070200708000010030000006905000800000700007000068020000040  8.6  8.3  2.6 m_b_metcalf 
000008100010060040500400000600070800040105060007030009000007003080020050009300000  4.2  3.6  2.6 gsf         
012000300403020000560300000007800600090050040000007001300100200000070090000004005  4.0  3.6  2.8 m_b_metcalf 
100200003030050060004000800800007030050060100000900000009030000020600059700000080 10.0 10.0  9.9 JPF         
100000200000300040000020506050400000600070100008009020009100000040008000300060007 10.4 10.4 10.4 Mauricio    
100000200000300040000020506070400000200080600008007090006700000090003000500010008 11.2 11.2  9.9 joel64      
100230004004005010030000600700000080200010009060000070005000100010308000900060007  7.7  7.7  7.7 champagne   
100200304020050010003004002600700400010080060005009001800900100050040080301008006  5.2  1.2  1.2 1to9only    
100020003030400050006000700003006000050010040000800200007000900040008060800050001  6.8  6.8  3.4 Patrice     
000000120000230000004000560070000005030080009000006000806000300501000000000940000  2.8  2.3  2.3 m_b_metcalf 
100002030020400005000060700070200003008030600300008090004020000500009010030500008 10.7 10.7  9.9 champagne   
000001020300240000001050600400070080078509410090080006006090500000015008030700000  9.0  9.0  8.9 JPF         
010200000300010000004005300600400500070000030003001008005900400000070020000008006  2.8  2.8  2.8 1to9only    
400010070050700009003005100090000001200008700008060020005040200300006007060300010  6.5  6.5  3.2 1to9only    
001020030040005060700100500007800090800000007020006800009001002210500070000040300  8.5  8.5  8.5 joel64      
010020030002400005000000000600001000040070008003900020501300080020060007009004000  1.2  1.2  1.2 Patrice     
100200003030000040002005600007000006080090010500000900001700500020000090800003004  2.5  2.5  2.5 Patrice     
001020030450003020003000506070080000800209007000040050108000200090100063030090400  6.7  6.7  6.6 m_b_metcalf 
900500000060020500008006070700100300010000060003004009070600200005090030000008004 10.2 10.2 10.2 JPF         
000100000020030040405000600600507010000080000080203007007000903090020050000006000  4.0  4.0  4.0 champagne   
000600500000803010000075003710000020006000700030000098400560000020309000005001000  9.8  9.8  9.0 Patrice     
010200300004005060000070805080600100000000000002003070407080000030400500006001020  7.8  7.3  2.6 m_b_metcalf 
010002030400100005006430000001000600070020080008000900000049800500007009090300040  8.0  7.1  6.6 m_b_metcalf 
000009004006300900050060070080000005003040800200007040020010090008006100700900000  8.0  8.0  7.1 Pat         
000090000007406500080000070500000002020108040004000600070020080003000700000030000  2.8  2.8  2.8 gsf         
100000200030400000502000006700300000040080000001007050080100700003050040900008301  4.6  1.2  1.2 m_b_metcalf 
001000020030040005400002600007008003020060070100900500009200001700080050010000800  9.7  9.7  7.8 GouinJP     
010200030400050006007000500300805010000090000080603005006000400900060007020008060  9.6  9.6  9.5 m_b_metcalf 
010020300004005010060000007008300020000900004000016000400008050030000709006000000  9.6  9.6  9.1 Robbie      
000000014000005007000640830008003000005020900070100043003090000806007000950002000  3.8  3.8  2.6 Pat         
010000002300004500000050040000300060002070800060001000006090000090200001800000050  2.5  2.0  2.0 Robbie      
053000008208000000490600000005010000000406000000920600000003081000000702700000490  4.2  2.0  2.0 Patrice     
100200003040050000002006700800100300070000080001005009008600200000040030600009007  9.8  9.8  9.8 joel64      
100500700070090003000008060800106000030000000006802000200000100004000085090000020  2.3  2.0  2.0 1to9only    
001200003000003400500000060600400020000050000070008009020000001004600050300009800  5.7  3.4  3.4 champagne   
001200000030010040200000501600301070000070000070406003809000005050040060000008900 10.4 10.4  9.9 m_b_metcalf 
010200000300004005006000700500308006000000050040507008007000900000030002020901080  8.8  8.8  8.8 m_b_metcalf 
000000001002003450060070890000900080009004005050032000014000070025600100900020000  3.6  3.6  3.6 joel64      
400000200020080000006003008000008400070060050003900001600400000000050030001002009  8.6  8.6  8.4 gsf         
000008002009040060030100500003002008020010030500900000002000800050090010100200004  5.0  1.2  1.2 gsf         
100000200030100000204000005500600000070080000003004070090200600008090030300005904  8.8  8.2  8.2 m_b_metcalf 
100200003040010050000000600500007030080060700000900004001070300050100090200003007  5.2  2.5  2.5 dobrichev   
100200300040000025000006000600507000000080000002601700700008900080000004050000080  6.7  6.6  6.6 m_b_metcalf 
000100002000030010004005600700400100060000030005008007001200400090060000300007000  6.5  3.8  3.4 1to9only    
003000200070005090900080007000600010006030400050007000100040003040900060002000800 10.5 10.5  9.9 champagne   
000009008000070060009000320000100000020003001600024059004000800035007000900031000  1.5  1.2  1.2 Pat         
001200000030004500600000070800900020000000000050003001060000004002800090000005300  8.9  8.9  3.8 JPF         
100002300000040050000600007000020040008504200060030000900001000050090000003700006  5.7  2.0  2.0 JPF         
010000020300400005005006300400007500020000080001900006006700100100004009080000070  9.7  9.7  9.7 m_b_metcalf 
001200000300001000040050020600700080007080400010009005030020060000300008000007900  3.6  3.6  3.6 papy999     
100200003000040500006300070405080009020500100000009000090030200007000060500800004  9.7  9.7  9.7 dobrichev   
001000200030004005400200060007800010500070009040003700020006001900100080006000400  9.2  9.2  9.2 m_b_metcalf 
000001002002030040050060703000800070094000050700005300003006008080120000906000400  8.6  8.6  8.6 champagne   
000000001000023450004500000006037080080200007030900020040000705060305000100090800  9.3  9.3  9.2 m_b_metcalf 
001200030400050006070000100700408000080070090000905001006000010200040005030006900  4.5  4.5  3.4 champagne   
001000000050004090600900500000708004020050080100602000004007002030800070000000600  6.9  6.7  6.7 JPF         
120000000300100200005030080060090050001500700000004009040060070007300500000009002  6.7  6.7  3.8 gsf         
001002003000040050600700200004060005080500040900000100003009007010080000200300600  9.6  9.4  9.4 gsf         
010200030200040005000006000500060700080507010009080006000400000800020004090001020  6.5  1.5  1.5 JPF         
078000300106080000230900000009700100080010040000006002300200900000040010000005003  3.8  2.8  2.8 Pat         
500600001004010700070004080200300007010040600009002000090030800008000030600800005  4.6  4.6  3.6 Pat         
001503600050000090300060001700304008004000700100607005200030009010000080007901200  9.1  9.1  7.9 m_b_metcalf 
100900300004005090050600004805002400000000200070800015200750000030001000009003006  4.8  1.2  1.2 gsf         
100200003020040050006000200400001070050080600000300000007050100080600009300000040  3.8  3.8  3.8 m_b_metcalf 
002000000060007010900800300000701004010080060300406000005009008040100070000000200  9.9  9.9  9.6 JPF         
200000003009002060080030900000004070005090800020500000006080050090100700500000004  7.7  7.7  7.3 JPF         
000001000020030040005600007704000030800050004050000806600008900030020010000700000  8.2  8.2  8.2 champagne   
100002003000040051006000700000500000070004002400028030003000900050007000820010004  5.2  4.2  3.4 champagne   
000102000000304000001050200060000070005208300400000009600000004002030800010000060  8.4  8.4  3.4 gsf         
001200000003400000256700000892000000000000000000000148000005397000001500000006200  2.0  2.0  2.0 Robbie      
100002003040050060007600200800000400010030080005000007004006100090020050300900008  8.6  8.6  8.6 joel64      
005008000000070090200300100003004002080000070600100300006005008090020000300800400  9.4  9.4  9.4 gsf         
000001000002034005030650200700000018004000600890000003009012070200390800000400000  9.3  9.3  9.3 m_b_metcalf 
000100600010908000000032004290000060007000300030000057400570000000806070008009000  3.8  3.8  3.4 ronk        
100200300040000005000060070200108000008030000000605700900004500005000003080000020  6.6  3.4  3.4 m_b_metcalf 
001000002050008000400090600000005080002070900030800000004020009000700050100000700  2.3  2.0  2.0 JPF         
010006003400008060003170000001000082008000600320000500000041900040700006900800010  3.2  1.2  1.2 Pat         
400600000010040700005003090700000800030100060001060007020500900007080030800004005  7.8  7.8  7.8 Hajime      
100200000030040000005006700500700400040000010006004002007500800000010020000003006  1.7  1.2  1.2 m_b_metcalf 
000000908070006050004030000000700010008020300060004000000080200030100060509000000 10.3  6.7  2.6 champagne   
001203400000010000200506007804000902030000040902000308700408005000050000005107600  4.6  3.6  3.2 m_b_metcalf 
900002070003700400060080001050000040006020009100000600020007300300800005001060080  5.9  1.2  1.2 gsf         
100000002030020040005607300004801200000090000007205100003906800080050030600000005  9.4  9.4  8.9 m_b_metcalf 
004006005010080600500400090005000009090020070700000200070002006008060010400800700  6.9  2.8  2.8 champagne   
300200900000000007008030010500903000002070000000502600200006500001000080070000004 10.7 10.7  9.9 JPF         
000006007070000030009040500000003002005080400600100000007010200020000090300800000  6.2  2.0  2.0 1to9only    
010020003200400500005006000070080100300200007004000090090600400000003060800090001  7.9  7.9  7.8 champagne   
102000300040000050600007802000806400000000000003709000906500003010000070008000905  7.6  7.6  6.6 m_b_metcalf 
504300000087040020320007000400000001070000080006000500000008096090070250000500108  9.7  9.7  9.0 JPF         
800200300004008050060400001406007800000000200020500063600390000010005000008002004  1.2  1.2  1.2 gsf         
005900010000000023800010400008005000090040300300800006000007005020080000400100200  3.6  3.6  3.6 gsf         
600000002030001070008000900000507030000060000070208000009000600050300040200000009  9.1  9.1  8.3 ronk        
001000200034000560570000038000503000000482000000709000640000072057000310009000400  8.5  8.5  2.6 TTHsieh     
000005003000070069006000580000400000090007002300050074009000100028003000750094000  4.6  4.6  3.4 Patrice     
090000080706000504030204060005030400000502000009010200010307040607000803050000070  8.4  8.4  8.3 champagne   
000001020001300400050040006020000070004030001800000300040002600200800004003070010  5.2  1.2  1.2 JPF         
600000200040070000009005000000200800050060070004001003800900600000030010000004007  6.2  1.2  1.2 Patrice     
070030010304000506010000080000600000700080002000009000020000050506000104080090020  4.0  2.0  2.0 gsf         
000001023000030456000200710008004002050000070900100300085009000761080000490600000  9.3  9.3  9.3 JPF         
100200000030004000005060700400000300008070009020009080006500908000006013000080670  9.5  9.5  9.5 dobrichev   
000307000008020100060800002005000064000040000420000500500008030001050900000406000  8.5  8.5  8.5 gsf         
005000600000903000100070002020708060003000900060509080300080001000302000004000500  8.9  8.9  8.5 m_b_metcalf 
900000800070060000005004003000003400090070050002100006600500000000020070003008001  3.8  3.8  3.8 champagne   
000001002000020030004500600001200070040030008300006900003005000090700005600080010  7.4  7.4  7.4 joel64      
100020003040000010005040600000201000708000105000408000007060800080000020400030007  1.2  1.2  1.2 TTHsieh     
004000003020007060300100500005200030000090000040008700007005002060800010900000400  9.0  9.0  9.0 champagne   
010200300300010004005006000700800000030090700002001080400020900000005060080000007 10.0 10.0 10.0 ssxsssxs    
400000600020300040008000002007800005050040090300002100100000900060005030009000007  8.9  8.9  8.9 gsf         
010020300200400005006000010020503700800002004000940000500600001003000090040070600  8.1  7.2  3.8 papy999     
000000000001203400020104030015000670000050000048000520030907040009306800000000000  8.2  8.2  2.6 gsf         
100000000002300400040050060060207000007080300000900050010060070008004900000000002  4.4  3.4  2.6 joel64      
700080020030200007001004500040000006600002700009060040003090100900003008080600070  6.0  3.0  3.0 1to9only    
000001002003400500010060040050700008006030700800000020090080060002004800400100003  4.7  4.7  3.4 m_b_metcalf 
102000300045000000630500000006700100000008020000040009500100600000020014000009080  9.7  9.7  9.7 m_b_metcalf 
100200034000000506000007280009006800070010000300500002008005000060030000500400008  8.5  8.4  7.8 m_b_metcalf 
000000008007009010060080400000008060008010003050400800003005009010600070400020500  6.2  1.5  1.5 Pat         
100200000030040500006007030500000800040300070009020005090600700002070040800002006  6.8  6.6  3.4 m_b_metcalf 
102000600054000000830100000003600100000002040000080002500700800000040029000008070  3.0  3.0  3.0 Pat         
000100000020030040506000100700408020000070000080203009009000504070080030000006000  9.3  9.3  9.3 papy999     
100200003040030050000000600700008020060040700000500008001060300090300040300001007  2.5  2.5  2.5 m_b_metcalf 
000100020003004000020050600600000052007000830080000107001048070400690200000301000  5.4  5.4  2.8 1to9only    
000600020000010004008007600400002007090000030006800500007005200100090000030700000 10.9 10.9 10.6 JPF         
000123000004000500060000070300008004100000002700900006080000090002000300000845000  6.8  4.2  2.6 TTHsieh     
102003000040200000500006300070000080000000009205000600001002500000300007000090048  8.7  8.7  2.6 champagne   
102003000040500000300002600020000080000000007803000200008001300000600005000090074  7.2  7.1  2.6 gsf         
000001002000030045000600730006000050080009200100050003007090004058200070340008500  8.8  8.8  8.8 champagne   
102003000030200000500006700080000050000000009207000400006008200000700008000050014  7.8  3.4  2.6 gsf         
012030004030005600700080030006420070000001409000008000080007006009000041000000900  8.2  8.2  8.2 dobrichev   
100203400300400000050060000703000020008000900040000607000040080000009005002608001  7.5  7.5  2.6 joel64      
000001002001300400090070050060400008008000900700005010020030060005008300400900000  7.2  7.2  7.2 ssxsssxs    
000001023001000004030000500000060072000205800800010050007080040900607200360100000  3.6  3.6  3.6 m_b_metcalf 
100000002030400100005000060070180000000309008000025000080000300001000070200060005  8.3  8.3  8.3 champagne   
120905600400000009000060020300000700005001030900070006600200800001050000030007004  9.9  9.9  9.3 m_b_metcalf 
000001002000030040001500600002400060050010007300008100005003000020900008400050090  4.9  1.2  1.2 champagne   
001002300090000040500600007003100008000000000600007500700005006040000020002300400  7.9  7.9  3.0 gsf         
100002003000310040030500600007000030200040008080000400006009070020058000900600002  7.6  7.6  7.6 dobrichev   
000002004003050070090600200006000010070040008500009700001008500060700080800010000 10.7 10.7 10.6 champagne   
102000300000004050607010002000100080008000700010005000900070503030400000001000208  8.0  2.0  2.0 JPF         
000003007000040950008000016000030000090704600300050029010080500089001000207006000  2.0  1.5  1.5 tarek       
000001002030000040005060700000007008002080500900400000006050800070000030400900000  9.4  9.4  3.8 m_b_metcalf 
100002003004050000050400000001003004060000050700000600020007030008060900000100002  1.7  1.2  1.2 m_b_metcalf 
010000200200340005000000670080000009040060008000005000905000100006000000030950007  1.7  1.5  1.5 1to9only    
001002003020010400400300060006000001030080020500000800010009006008050090600700300  8.1  1.2  1.2 gsf         
800060003009500000036007080500000020082000970010000004040200130000005400700010002  4.5  2.6  2.6 gsf         
000000060000003054009010000000800090001020300050006000000090800460500000070000000  4.4  1.2  1.2 m_b_metcalf 
102000300040000050600004701000205800000040000004807000708900003020000080003000109  2.8  2.8  2.8 999_Springs 
010020003200400100005006020070040002100300700006005000080090300001000080400800009 10.7 10.7 10.7 Robbie      
001002003040050060500700100007008009020070010800409600004005006050030090600200300  8.5  8.5  8.4 m_b_metcalf 
000000000001203400020506070048000610000080000093000850060107020005409300000000000  9.1  9.1  2.6 Mauricio    
001000200030004050605000007000008030000010000090403000700000506050900080002000100  9.9  9.9  9.4 m_b_metcalf 
000100200000304050000065007850000060001000700020000034400580000010903000009002000  9.4  9.4  8.8 joel64      
305200000040009000200400500603000200000000000010000089006300700000004008000008015  9.6  9.6  9.4 JPF         
001200000300004000050060070400300050008090200060002008090050040000800006000007100  9.8  9.8  9.8 champagne   
010200030200040005000006000900070800040803010002050006000400000600010004050008070  4.6  3.6  3.6 gsf         
001200000030004500600000070400100020000070000050000009090000008002600010000005400  8.3  8.3  3.4 gsf         
900008007060050090004600300200000900040070020005000004001006800030010050700800002  2.6  2.5  2.5 champagne   
010020030904000501060000040000300000400050008000009000030000060605000302090040050  5.2  1.2  1.2 m_b_metcalf 
100200300040000056000005000200708000000050000008103700700001800060000009010000040  9.9  9.9  2.6 m_b_metcalf 
010000230400050000000600780006000000050090002000007040708000100302004000000080006  1.5  1.5  1.5 papy999     
000001002000020031002300450006000010070008900400060008001050000037600020650003000  1.7  1.5  1.5 champagne   
060400000003001080200050600070040000008906200000070060007080003090700400000004020  3.6  3.6  3.6 gsf         
000009007002080090030100400005000070090020005600008100007006500050400030200010000  7.4  7.4  7.4 ronk        
060200700004007080000010603020300100000000000009008020908040000010700900007003060  8.1  7.3  2.6 1to9only    
100200003030010040506000000700106080000030000090407006000000208050070060300009005  8.9  8.9  8.9 m_b_metcalf 
120300000403000100056000000700100400000006008000090050090700200000002069000050080  8.2  7.8  6.6 m_b_metcalf 
001230000020000400050006070006400500000010000008002900090500030007000060000078100  7.2  7.2  7.2 m_b_metcalf 
010000020304000506060307040007080600000105000005060800080402030401000209050000060  3.4  3.4  3.4 JPF         
000001002003040050020600300007000008050070040600000900004009020030050700100800000 10.6 10.6 10.0 joel64      
400100000050030100001006040900700400070090020008003009002300600030060050600008002 10.6 10.6 10.5 JPF         
100002300040050020006100007008063000050900000600200400900004002080000070003000500  2.5  2.5  2.5 Patrice     
000001002003040050060500700006000010010070003500004600008009100090800040700050000  7.9  7.8  7.2 m_b_metcalf 
100020003030400050006000700003008000080040090000900800007000600020004080300050001 10.7 10.7  3.2 Patrice     
100020003040000010005060700000802000508000901000903000009070800060000040400030006  3.0  2.0  2.0 gsf         
010020300200100040006007001020030005400200080007006000900000000080050010005900002 10.8 10.8 10.7 GouinJP     
507900000091060080840003000600000004010000020004000600000007062050020930000300105  6.7  6.7  6.7 JPF         
100002300000040080000600007000050020006903100070060000200005000080090000003700004  9.4  9.4  6.7 gsf         
000100002000030040005006700700500800040000010006008009002800600030090000100007000 10.3 10.3  9.7 m_b_metcalf 
600100900030040010004003006300005100070020050002300008400500600060070080007008009  4.8  2.0  2.0 ronk        
000000000001020300040103050002000100030204060007080900050607030004090700000000000  7.9  7.9  2.6 Robbie      
100000200030040000005001006000002700040030080001800009800900500000020090007006001  9.9  9.9  9.4 m_b_metcalf 
000000001002003040050020600000007030006050008040300700007009004010200090200030500  2.3  2.0  2.0 m_b_metcalf 
200000004004001200050030070000600090005080300070005000030070080002900600400000002  4.6  4.5  2.8 JPF         
100000200030400000502000006700600000080040000009001020050300700007090080600004105  4.5  4.2  3.4 m_b_metcalf 
000010020030004005006700800007300040500000008010002900004007300900800010020060000  3.0  3.0  3.0 m_b_metcalf 
010020300450000000006000001000700400500080020000003006700600090000090800004001000  9.5  9.5  6.7 JPF         
100200300000010040005006007300000800040090020007000006800300500050020000001007009 10.0 10.0  9.5 TTHsieh     
001000000020001030400500600000107002080040050900608000007002009030800040000000100  6.8  6.8  2.6 1to9only    
000001002000003450005060013000300040004075000730080005060000004087600020902008600  8.7  8.7  8.4 champagne   
100000002030400500006000070080520000000307006000019000050000800004000030700090001  9.0  9.0  8.3 m_b_metcalf 
100000000000020030004500600003600000020010070000004800006001500030070000000000006  2.8  1.2  1.2 m_b_metcalf 
000100000002003004050020060500300700008002003090050010000800000004009001060070090  9.7  9.7  3.8 JPF         
001230000030001000400500600603000700800000002090000010007600400000007003000010090  5.4  1.2  1.2 1to9only    
700300200030070090006008005800500400010060080005009001300700900020090050007006002  6.2  1.2  1.2 gsf         
100200300000040080006007001200000900050010020007000003900800700040030000001006009  8.6  8.6  7.1 gsf         
001200300040001500200060007800020003002500600070004000910050800000000035007800090 10.2 10.2 10.2 papy999     
010002000200100003000040050100406020005000700080301004070010000600004008000800040  2.0  2.0  2.0 m_b_metcalf 
000001002003200400050060070020000005004070800600008090090040030007005600100300000  7.2  7.2  7.2 m_b_metcalf 
009020060040001090100900800001200040700000006030009200008007005350800010000050600 10.2 10.2  9.8 Patrice     
069040003030008600200030050001270040000004702000009000090001005003000076000000900  3.0  3.0  3.0 gsf         
120000000300040000005200600003500400070008090000010002004800500000090007000003080 10.5  9.4  2.6 1to9only    
009000800080003000400060007000008090006030200010500000800070001000100040003000900  1.2  1.2  1.2 1to9only    
100002003003400500040060010700000050008000900090000008010090070004005600200800005  9.8  9.8  7.6 joel64      
000000001002003004050600070008706005040090030500304100060009050900400200800000000 10.3 10.3  9.2 m_b_metcalf 
700900300008003090040100002401009700000000200030700065800320000050006000004007006  5.9  3.0  2.6 Patrice     
010040300009003070040000008005100020000800006000094000600005090090000103008000000  8.3  8.3  8.3 1to9only    
800100000050040200004002080900400700010090040005001002003900600090010030700006009  1.5  1.5  1.5 1to9only    
200800100060000007000050030100208000008030000000405900900004200007000006030000050  9.8  9.8  9.5 1to9only    
009600010000000023100070400004008000030040600600900008000004009010030000800100700  4.7  1.2  1.2 gsf         
000001000020030040005200006607000080900080005030000901100006800090020030000700000  8.6  8.3  8.2 champagne   
000001002020000030004050600000003006007060100800500000009040500030000010200800000  4.5  4.2  3.4 m_b_metcalf 
000010000000234000001506200002090800070000030400000007008020100050000060300000004  8.9  8.3  2.6 gsf         
003000000060002050900600100000905003050070040200406000001009008040800010000000600 10.5 10.5  9.4 JPF         
070000180800320000000000390030000009080070005000005000406000700503000000000240001  7.6  1.2  1.2 coloin      
800700100070000090000600004906305000000080000000102300100007500040000002007000060  2.8  2.8  2.8 1to9only    
070020030300000002025060410001602500030401060000080000080070090700906004009000300  4.5  1.7  1.7 gsf         
300000005005001060040070300000009040008020700020800001003060090060400100500008000  4.8  3.0  3.0 1to9only    
000010000000234000002506400006050200070000080900000003001040600080000090300000007  9.7  9.7  9.7 joel64      
000001200030040050602700800800000400020000030003000009009008602060050040007100000  6.5  6.5  2.6 TTHsieh     
100200003030040010502000000600708040000090000080405009000000301060080090200007004  4.7  4.7  3.0 champagne   
100002300040030002005600070008090000000805000000020900060009700800040060002700005  2.0  2.0  2.0 1to9only    
000000000001020300020304050002600100040007080008040006050100030009060700000003000  2.8  2.8  2.8 1to9only    
000000012000003400000560007006000001007304800300000200800079000005100000240000000  8.4  8.4  2.6 m_b_metcalf 
008004000020060010600500008002700003090000200500001090000080009040005030007300600 10.4 10.4 10.4 JPF         
100050060090100008004003100040700005300005400007060000009080700600000001070900020  8.3  8.3  8.3 1to9only    
000007002000020080001000940000600000040005001800014096008000300059003000700061000  9.3  9.3  9.0 Pat         
025000009709000000430600000008030000000406000000780600000001085000000401200000370  2.3  2.0  2.0 Patrice     
100000020030040000000002506000070054080900100007003090006090200900508000008600000  6.0  4.0  2.6 champagne   
010002000340000000005063000000700802009000100802001000000340700000000095000800030  9.0  9.0  2.6 gsf         
102300000040005000600200700507000300000000002080009060003700800000004001000060050  2.0  2.0  2.0 1to9only    
200500800070003000001000090500020004000800500090001000800060400003000070000200005  3.0  1.2  1.2 1to9only    
010002000300400005000050060600307050007000800030908002040090000200006007000100080  6.8  6.8  2.6 champagne   
010020300400500001002000060060708900800009004000230000900300002005000070040010800  9.0  9.0  9.0 m_b_metcalf 
000700600000106080000023001870000030002000400030000095600450000090607000008009000  7.6  7.6  7.1 ronk        
108000900067000000530800000009700500000003060000050002700900100000020084000006030  4.8  1.2  1.2 Pat         
000040030030006005002700800006300090500000008070001600009007200300800010040090000 10.3 10.3  9.3 champagne   
100200003004010500020003060400700008070060900005002000060050400003000080800600005  7.5  7.5  7.5 1to9only    
100200003040010050000000600700003040080040100000900002006050900050800060900007005 10.5 10.5 10.5 champagne   
600040005080000010003000700000305000500000008000706000005000300010000050400010002  6.5  1.2  1.2 gsf         
102300000000004000500060300600700100005080002080000090009400700000003009000020030  2.8  2.8  2.8 m_b_metcalf 
000009008004100300090050020070000001001000500600001030050070080003004600200900000  3.2  3.2  3.2 Pat         
012000000300040000400500010006700050080020009000005300000004800001600070000090002  8.8  8.8  8.8 champagne   
001950000040000800090007050009800100000060000004001700020500030007000040000036200  8.2  8.2  8.2 1to9only    
000010000001405600070000020900000002080000030004106900030050070200040008000000000  6.6  6.6  3.2 gsf         
000003500020060010800900000200050800070408030008030009000004007050010040007600000  2.8  2.8  2.8 gsf         
009080700070006090500000408000000030400020100010000000201040005090300010006000900  6.7  6.7  2.8 champagne   
001200000020003400500000030100600070000000006040008009080000001007300000000062500  7.5  7.5  3.4 JPF         
109700000047030010650004000300000001080000050002000900000008063060050280000200105  9.8  9.8  9.1 JPF         
001000000020003040300500600000105007080020030500604000006001002040300090000000700  2.5  2.5  2.5 m_b_metcalf 
001200000030040000500006700600800500040000080003004009009100200000060008000003090  3.4  3.4  3.4 m_b_metcalf 
120000000300020000004500600001600700080003090000040005007100400000090003000002080  8.7  8.7  3.8 m_b_metcalf 
100200000030004000005060700400000600008050007020001080009800506000006039000090870 11.1 11.1  9.9 champagne   
000000001002003450060070890000900080007005004010084000028000070059300600300020000  7.9  7.9  7.2 joel64      
500060010020900006006004300060100009700009800004050000001070500800000003070300080  4.5  4.5  3.8 1to9only    
000100000002003004050060020200400300007001002080050060000900000004008007030070050  2.6  2.5  2.5 TTHsieh     
102003405000000000600102007004000302000000000809000700300901006000000000905700108  8.2  8.2  3.4 champagne   
100002030040300002000010400050600007008030500900007080009060000800001060030200004  4.9  1.2  1.2 champagne   
007000508090000030203000006000508100000010070000400005100300009020080060709002400  6.8  6.8  3.6 Pat         
000001002003040500600700000001000080020030060030000900000006001005020400900800000  8.4  8.3  4.0 gsf         
000000000001203400020105060054000270000090000073000680040806030002409100000000000  6.1  1.2  1.2 gsf         
010200000300004005000000600400103007000000060020607001007000500000080004090701020  9.8  9.8  2.6 champagne   
100200700060000005000080010200105000009060000000703400300004200005000009070000080  9.4  9.4  2.6 Hajime      
709300000010009000300600800903000200000000000040000017006900300000007005000001048  2.5  2.5  2.5 1to9only    
100200003030010040005000600700008030010030400000400002006040900090700050800009000 10.7 10.7 10.6 dobrichev   
010020003200400500005006000040050300700800006009000080080100200000007090500040001 10.7 10.7 10.5 champagne   
102300000000004000500010600600200100005070008090000070003600500000007009000080040 10.9 10.9 10.0 m_b_metcalf 
000001002000030045000200160001000070040002500500080001009020006037900050860003900  6.2  6.2  6.2 champagne   
001000203020000040305000006000702100000010070000300005700500008090040060608009400  9.0  9.0  9.0 m_b_metcalf 
000001002003040500160000000007305080000090000030608900000000026001020400400800000  1.7  1.7  1.7 m_b_metcalf 
010020030003400005000000000200001000060050002004200060708300090050070008601009000  8.3  8.3  8.3 m_b_metcalf 
500600300080000007000050010300509000006080000000706400400003600007000001010000080  8.8  8.8  3.4 1to9only    
100002003020040050006700200001000008050000070800000900900004600000080030007600001 10.7 10.7 10.0 Robbie      
010020300004005060060000002007800040000900006000013000300007080080000901002000000  4.4  3.6  3.6 m_b_metcalf 
005000300020004010600000507000700030000060200010008000304010005060400080007000600  4.0  4.0  2.8 gsf         
100200000020030000004005300600700100050000020007008004009100600000070050000002008  6.0  1.2  1.2 1to9only    
000001007001030040020500800005003600070040008300200090002900006050006080600010900  8.8  7.1  6.6 gsf         
007000100020050040300000002200000001050601090008000300009307500080040070000805000  6.6  6.6  6.6 gsf         
001002003000030040500100600007400002010000080200000500002007006040090000600500900  9.0  8.4  6.7 m_b_metcalf 
100002000030040005004600070008500200060030080700000004000900001005080060020007900  8.9  8.9  8.9 m_b_metcalf 
100002003004000010050030600000005070800000004020600000008010030060000200900700008  4.0  3.6  3.4 Patrice     
601030702000000000900107004005000800700020009006000300800204006000000000304090108  5.9  1.2  1.2 Pat         
000007002000050080004000950000200000090005001200049036008000300045003000700061000  9.5  9.5  8.4 Pat         
010000002300004000000050600000007050002080100080300000007060000000200008500000040  2.6  1.2  1.2 m_b_metcalf 
100200000030010400004005060700500020020030007005000800070008300002600000000070009  2.5  2.5  2.5 Patrice     
100090006400302080709000300090005000000020000000800050001000705070403008800050003  3.0  3.0  3.0 m_b_metcalf 
001000300040090050502004007000800090400050006060001000700200605050070080003000700  9.9  9.9  9.9 JPF         
000000091000008007000640820009003000005010200040700058003070000506004000920005000  3.6  3.6  3.6 Pat         
100002300030040050002500006007084000080100090200700400900005004060070020003000900  5.9  3.6  3.6 1to9only    
980600000705000800042000000300200700000007006000090050060400200000009037000010090  5.8  1.2  1.2 Pat         
000001002003040050060700000008000004050080060100000900000005200080030040200900000  8.7  7.8  3.4 joel64      
001002000030040002500600010070400001008090700300007060090004003600020050000700800  9.9  9.9  9.9 1to9only    
100020003030400010005000600007008000020050080000100900006000700080009040400030006 10.1 10.1 10.1 Patrice     
008003002030050080600800700003009006080000010400700300001006005020010040300200100  9.2  9.2  9.2 ronk        
020050030700000002048020950001805200090201060000060000030010070500304006004000300  9.5  9.5  9.3 Patrice     
000000001002003400500040060070408002008090700300207090010020005004800300600000000 10.5 10.5  7.8 SCLT        
009000000080009040200040003001500002090060030300004700800020005060100080000000600  8.1  7.8  6.7 1to9only    
000004002009070080040100500003006001020010070600500000008000900050030010100600004  1.7  1.2  1.2 Pat         
970108500500000001000060070400000700005004020700050006600900300009020000030001004  5.8  3.6  3.6 pseudocoup  
060020030400000005010000060000504000500090007000807000020000090700000002040030010  2.0  1.5  1.5 Pat         
100200003040000050003006700001000002050040080800000500002900600070000010600003005 10.5 10.5  7.1 champagne   
010020300200100040005006002070010004100800090006005000300000000040070080002900001 10.7 10.7 10.6 champagne   
001200030000004100200050006700502080000090000010706005600020007009300000020005400  9.8  9.8  9.8 champagne   
002900000050007600100000030700100020000040000060008005080000004009300010000005700  9.4  9.4  9.2 gsf         
540800000603000500012000040100900020000030700000006001060050300005200080000007005  3.4  3.4  3.4 Pat         
010200030200030001000004000500060700020708010007090008000300000900020006040007080  3.0  3.0  3.0 Mauricio    
050020070708000409040000010000500000100070002000003000030000040409000506070080090  3.0  2.8  2.6 ronk        
409700000080001000500300700301000900000000000020000058006200300000008004000005021  2.3  2.3  2.3 1to9only    
000001002003400500060050070010800004002000300400000050020060040007002100500100008 10.6 10.6  9.4 m_b_metcalf 
100000200030040000005006007000002600040070080009800005800100000000020030007005009 10.6 10.6  9.9 m_b_metcalf 
000100200000304050000065007150000060006000800090000034200410000060903000009007000  5.8  3.4  2.6 joel64      
100020003004100000035006010700000080018000670090000002040700950000005200600090008  6.1  1.2  1.2 champagne   
900600000010030700005004080700000800030100060001060007020500400007040030800009005  7.2  7.2  7.2 Hajime      
100230000004005000060000700800006090700090006010800020005000200000408000000070009  5.9  3.0  2.6 joel64      
100020003040000050006000700000601000800030002000200000007000400050000060300090001 10.0 10.0  3.4 JPF         
000001002001300400020040050050600003007080600100007090080070010003006900900400000  7.2  7.2  7.2 dobrichev   
100200003030000040004005100005000006060070080300000900003400200080000070600009005 10.2 10.2  9.8 champagne   
050020000700900300000006040030070400900504002002090050060800000008003001000010070  8.4  8.4  8.4 Patrice     
000001020300450000006020400100070080089102670070080004005060800000013009030500000  7.5  7.5  7.1 JPF         
000001006080000700004090020000006005007040200300100000070020800009000040500300000 11.3 11.3 10.6 Hajime      
100000008002006500030010020000900030003080700040002000090070080001500600700000004  9.4  9.4  9.4 xzccs       
020800000100005003000000700200903006000000070080601004009000200000090005060104080  7.5  7.5  2.6 Pat         
100002003040030500000600070001500008050060200300009000010070400006000020900300001 10.1 10.1 10.1 Robbie      
103000900040007000200060001000809050008000400010604000300090007000200080006000305  7.5  7.5  7.1 gsf         
100002003040300100005000060060070000000208007800039000010000800004000050700090002 11.3 11.3  7.9 champagne   
500100300060002000007000010800040009000900100020006000100030500004000020000500007  2.5  1.2  1.2 1to9only    
030100000800020000004003600100700900050000080006009004007600300000050020000004009 11.0 11.0 10.0 JPF         
100020000030004500006700080007000010900000002050000300004003600060800070000050009  9.4  9.4  9.4 champagne   
000100000020030040501000600400702080000080000080403007006000509070040030000009000 10.1  1.5  1.5 m_b_metcalf 
900008002007400500080090040030100007002000300100003060003020070700005600010900005  2.0  2.0  2.0 Hajime      
001200030200040001050000600700104080000020000020509004003000090500070006070008100  2.6  2.6  2.6 champagne   
000000001002003004040200050006302007070040010200701600080005090700800500300000000  3.6  3.6  3.6 1to9only    
010000002300004500002060070000500080006070400090002000005010700040900005800000030 10.2 10.2 10.2 Robbie      
470006009200007061000520040008000050007000400930000800000092000092800000560000000  5.8  2.6  2.6 1to9only    
000001002020030400005620070008000006031000580700000300060097100004080090900500000 10.5 10.5  9.3 champagne   
000090000001405600070000030400000008030000020005207400090020010600080005000000000  9.2  9.2  2.6 gsf         
100002000020030040005400600007001008030000090900000700700009300000020070006800009  4.4  4.4  4.4 1to9only    
000001000002034005030560100700000086005000900280000003008029070900710600000400000 10.2  9.4  9.2 1to9only    
000005002009400100020060040050300008003000600700009030001040070600008300090500000 10.5 10.5 10.5 JPF         
010020030400000001052060740007602800020508060000010000080050090200903006005000300  9.5  9.5  9.2 joel64      
000000102030004050006070000000500010007040200040003000000080700010200090509000000  4.4  4.0  3.8 m_b_metcalf 
012000000304000500560400000003500200000010007000008090040200600000009001000070080 11.5 11.5 11.1 Patrice     
025000100140300000306000009070400006000007900000020050500010000000005020009600003  5.8  1.2  1.2 gsf         
100002300040010050006700001005800000000307000000004900200005400090060070008200009  6.0  3.4  3.4 Patrice     
500000002008001040060090800000009060001070400020300001006080070040900100300005000 10.9 10.9 10.5 JPF         
102000300040000050300006708000703400000000000007208000608400003090000020003000801  1.7  1.5  1.5 JPF         
000000000008010900040203010005000100060407050002080300010306070006090200000000000  2.3  2.3  2.3 m_b_metcalf 
100002003030040500000600040002500007040070800800003000050010200008000030400900006  5.9  1.2  1.2 champagne   
000000000009506100040903020021000940000050000078000630010402070004705300000000000  2.3  2.3  2.3 gsf         
001002003040000050600050100000704008007000200800905000009010007060000040700600800  2.6  2.6  2.6 JPF         
700300800000006005004000020600103000000090000010805700300008100002000040050000009 10.8 10.8 10.6 Hajime      
000000000001203400040506030054000670000070000063000510030401050006802100000000000  1.7  1.2  1.2 JPF         
100230400500400000060007010800000700040080090006000003030800020000004006008072005  6.0  2.8  2.6 m_b_metcalf 
000001002003200400050060070060500003007000800300000090010070080006005900900800006  2.3  2.0  2.0 m_b_metcalf 
100200003040010050206000000700504080000080000080701004000000907010070040300009006 10.6 10.6  9.9 m_b_metcalf 
001002300040050060700000008000100000009020500000003000600000004080090070005200100 10.1 10.0  3.4 JPF         
100002300020010040005600001007480000060500000500001900800003002050000080009000700 10.1 10.1  9.8 Robbie      
800010003030600040005000900070400010400020800000003000006040500010700090200000006  9.5  9.5  9.5 1to9only    
100200300000004005006000070300801000000090000080402100200008400007000009050000060 11.1 11.1  3.4 m_b_metcalf 
005000100040006020108000009000007040000080000030601000900000507070300060002000800  4.8  2.5  2.5 Patrice     
000000001002003450050060780000100070009008005060034000036000090078300500400080000 10.6 10.6  9.4 champagne   
000001002000030014005000670000800000020003001700010039002000700068009000970082000  4.9  1.2  1.2 champagne   
001000200034000560260000073000208000000931000000604000320000054076000320005000900  3.6  3.6  2.6 Mauricio    
000001002000030045000400670008000050090005400300040007003010006076900020210006700  6.0  2.0  2.0 champagne   
100020003000004005000000607000800009400030050050001070007000200000086000369200008  6.0  3.0  2.6 champagne   
100002003004050000060700000007001002080000060300000500020006080005030400000900007 10.4 10.4  9.1 m_b_metcalf 
060000020100200007002003400400007300050000090008600002005100800600004005090000010 10.4 10.4  9.8 coloin      
000000100020003040005060007000400020008050900070001000600080300030700060009000005 10.0 10.0  9.9 JPF         
500800200000001007003000040200908000000060000060502100900005800007000006040000030 11.0 11.0  9.8 1to9only    
120000000300100400005030010050010060006300700000008009030060020002700100000009008 10.6  1.2  1.2 GouinJP     
000100020003004000040050100600000047008000610070000509002041070900670300000308000  5.4  4.2  4.0 1to9only    
600000007070030040005607800001704300000000000006801200008306400090040020500000008  4.8  1.2  1.2 gsf         
010200030200040005006000400500604070000020000080703006007000100100090004020008050  4.8  3.4  2.6 joel64      
001230000040000500020006070008700100000010000005008600060900030009000040000072800  6.1  2.3  2.3 Robbie      
100000002030000040004005600700004300006100000080090000090060700007200080500007001 10.6 10.6 10.6 Robbie      
001200000030040050400000602100504070000010000050307004809000007010030040000009800 10.8  1.2  1.2 champagne   
000001000020030040001500006203000070400070003070000408900006500040080030000900000 11.0  1.2  1.2 champagne   
010002000300400002000050060400701050006000100080205003090020000800003004000500070 10.0 10.0  2.6 champagne   
000100200000304050000056003150000040007000800030000092800610000060403000009008000  5.4  4.0  2.6 Patrice     
300008400050030090002100007008506000000000000000301600400003900090010050007900002 10.0 10.0  6.6 coloin      
100002000030040005006300070003800400080010060700000002000700003009060050040009100  3.6  3.6  3.6 m_b_metcalf 
005000200030004090609000007000003010000070000010906000700000906090800030002000500 10.0 10.0 10.0 Patrice     
100002300040050010005100006001780000050200000800005900600003002070000040009000800 10.6 10.6 10.6 champagne   
120300000400050100006004000300700500070040020008000009050200400000090030000006008 10.8 10.8 10.6 champagne   
900720006007009000050000200800003040500010008060400030008000500000907000100060004  4.9  2.0  2.0 Patrice     
000006007001040050020800900007000003050090020200000400009002800040050010600300000 10.4 10.4 10.4 gsf         
200007100090010070008400009004103000000000000000902300600004800030070040009300005  4.9  1.2  1.2 Pat         
100200003000010200002300040205030001060700500000006000070020600008000070300600004  4.9  1.2  1.2 papy999     
001060040600000003020000700080700000005040001000009000400030006090008200003000010 10.8  1.2  1.2 1to9only    
001004000050200800300070060060000007008000100900000050070030009004008030000400200 11.2 11.2  9.4 JPF         
120000000304000500056400000005300200000010007000008090060200400000007008000090010 11.3 11.3 11.1 champagne   
001200030000004500600070002700608090000090000090702008800020009004500000030007100 10.9 10.9 10.6 champagne   
001000200030004008600700010003500040100080007050002900090008001700600090004000700  5.1  1.2  1.2 champagne   
012000003405006000738000000000100050000040901060002000000050700000300090800090004  5.1  1.2  1.2 dobrichev   
100002003000040051006000700000500000080001006300024080008000500070003000420010008  4.9  1.2  1.2 champagne   
002000009010006080600000700000405008080060040300801000009000003060500010700000200 10.8 10.8 10.7 JPF         
120003004400005067000480020005000030002000400670000900000069000061500000730000000  4.9  3.4  2.6 champagne   
007100000041020000320009000500000800010070060009600005004300089090040670000002100  5.4  5.4  3.6 1to9only    
000001002009050700410000050003005008070030020900800300090000064008070200500600000 10.8  1.2  1.2 JPF         
000001002000030014004000350000600000020005007400080096002000700057006000840092000  5.1  1.2  1.2 champagne   
070500001000040020006000300050008000002000040900100005000030600800009007010700000 11.1 11.1  3.4 m_b_metcalf 
500700100080000090000200003201605000000040000000107600600001700030000009004000080 10.8 10.8  3.4 1to9only    
507600000061040080380009000200000001030000020006000400000004079070010640000200105  6.1  2.0  2.0 1to9only    
800000005007004060010080700000009070003010400060200000001090030020600100500000004 10.8 10.8 10.7 JPF         
100200000030040000004005600700600200060080030009004006005400100000070080000009004 11.1 11.1  9.2 champagne   
006200000200001000070040050900600070008090300040007006050070040000800003000006900  5.1  1.2  1.2 champagne   
000000000001060700070503080004000200050431070007050600030908040005020900000000000  5.1  1.2  1.2 1to9only    
006000300080010070704002001000100050400080007020009000800500704040090010003000600 10.9 10.9 10.9 JPF         
120003004500001062000240010007000020008000700350000100000096800095400000860000000  5.4  2.6  2.6 1to9only    
300800700000001005002000010100704000000060000080309400400007300005000060090000002 11.0 11.0  3.4 JPF         
000001000020030040001500006307000080200080003080000402500006900070020030000900000 11.1 11.1 10.0 champagne   
100002000030040002005300060001400600050070030800000001000900006004050070080004900 11.0 11.0  7.6 JPF         
000100200000304050000067008980000070006000300050000021300590000090708000001006000  5.4  2.6  2.6 joel64      
012000000304000200560400000006500100000070003000008090020100600000003007000090080 11.0 11.0  3.4 papy999     
001000020030400500600000007080030400000540809000000060090350000700001000002080000 11.2 11.2  3.4 champagne   
001200000030040000400005100600400700080000060009001005002700400000030008000006030  4.9  1.2  1.2 1to9only    
000001000002300100010020040040500006007030200800002090080060070006003500900700000 11.2  1.2  1.2 dobrichev   
012000000304000500650400000006100200000030007000008090040500100000009008000070030 11.4 11.4  3.4 Patrice     
504030000010002000800500700005300800700000004060000020008400500000009001000060090 11.0  1.2  1.2 JPF         
000100200010304000000056007530000070007000400040000028800690000000702060002001000  4.9  1.2  1.2 champagne   
000000000001203400050607080035000290000000000072000160080709030009104700000000000  5.4  4.2  4.2 TTHsieh     
010004003400000050008260000007000085001000600900000200000083500050600094100900070  5.1  3.4  2.6 Patrice     
001002000030400050600000000040700008000000030200001700000007600050090003000800094 11.0  1.2  1.2 champagne   
000000001002003450050010670000700060008001007070082000034000010027800500900040000  6.1  1.2  1.2 champagne   
001000200030004050600000007000003040000010000080905000700000006090800030002000100 11.6 11.6  3.4 champagne   
200007100080030020003500008009803000000000000000106500400001200010060070002900003  5.1  1.2  1.2 Pat         
100002300030040050004600001003067000040200000500800700800006007010000060005000800  5.1  2.0  2.0 champagne   
002190000050004000100300600206000900400000007070000080009200300000008004000030050 11.1 11.1  9.6 JPF         
001002000030040050600300007200003080005080700080200004900005006020030070000100900 11.1 11.1 10.4 champagne   
000004005060000800007080090000001004003090600100200000090030700008000030200500000 11.0  1.2  1.2 Hajime      
020400000500070000003006100100600300090000050006008004008300400000020070000001009 11.2 11.2 10.5 JPF         
010000002300010040005600300007008009040000080000700600008006500090020000100300000 11.3 11.3  3.4 ssxsssxs    
000100200100002003040050060704000080000080000080000605050070040400500009003009000 11.0  1.5  1.5 champagne   
012000000300040000500200060007600050040030001000008900000001300006500040000070008  6.1  3.8  3.4 champagne   
120300000400000200003050010600070030004500100000008009070020060006700300000009008 10.9  1.2  1.2 champagne   
100200000030040050004000302400506070000070000070304006809000100060030040000009008 10.9  1.2  1.2 champagne   
120003004300001056000270010006000070005000800810000900000019400097300000450000000  6.1  1.2  1.2 1to9only    
090800000500090000008001300800100200060000050001002007003200700000040060000007004 11.3 11.3  3.4 JPF         
700500100000006004003000090100204000000080000060105200400001500009000080020000003 11.3 11.3  9.8 1to9only    
807002000060400000100009700030000050000000001201000900008007100000500004000060073 11.7  1.2  1.2 champagne   
000634000008000500070000090900002004300000005600900001020000070009000400000859000  5.1  1.2  1.2 tarek       
020700010700040008006000700300508000000090000000403005001000600800030009070004020 11.1 11.1 10.5 blue        
100002300030040050005600007004028000060400000900500100200001009070000030009000500  6.1  1.2  1.2 champagne   
040200080500030002002000600900103000000090000000705001006000400700010005080007020 11.1 11.1 11.1 ssxsssxs    
050000260600040000000500470007000000040030008000006020409000500701009000000080003  5.1  1.2  1.2 Pat         
900100200050000040000300007302601000000080000000902600600009100070000008004000050 11.1 11.1 10.0 1to9only    
012000000304000200560400000006100500000070003000008090020500100000003008000090070 11.2 11.2  3.4 Patrice     
100000002030000040002005600700002500004300000080090000020040100001800090600001007 11.2 11.2  9.4 Robbie      
009001000050040020700500008030006005001000300500300010800005007020090050000600400 10.9  1.2  1.2 JPF         
010600002000050090007000300060008000009000070400200006000030500800004001020100000 11.3 11.3  3.4 1to9only    
001000020030400500600000007080030900000950408000000010090380000700006000002040000 11.3 11.3  3.4 champagne   
000001002000030450003000016000040000060107200400020073010050800096004000805002000  6.1  1.5  1.5 champagne   
000003007070000010009060800000001005008020900400600000006040200050000030200800000 11.6 11.6  9.9 1to9only    
012000000304000100560300000001500600000070002000008090040100300000009008000020070 11.3 11.3 10.8 Patrice     
001000020030400500600000007080030900000590804000000060090340000700001000002080000 11.2 11.2 10.0 Patrice     
010000002300000040005006700000078500000209000009560000007800600020000001400000030 11.4 11.4  3.4 JPF         
007000500060000020800001004000008009000354000300100000400800003020000060005000700 11.4 11.4  2.6 1to9only    
001230000040005000200100600703000200100000004080000090006300700000008009000070050 11.2 11.2  2.6 1to9only    
000800900030070004000009070800601000040050000001908000100000600007000052020000040 11.7 11.7  2.6 1to9only    
100002003040030500000600070001200008030090200200004000020010900005000060800700005 11.2 11.2  9.9 champagne   
000001002003400500060050030070000006008070200400003070080020040001008900500900000 11.3 11.3  3.4 dobrichev   
004000900050003000700040002000005030001090700080600000200010007000800060009000400 11.4 11.4 10.0 1to9only    
100200300040005000006000070200080001000300900050006000800010200007000040000900003 11.4 11.4 10.6 champagne   
012300000450000000603000200200400300000050007000008090006100400000009080000070005 11.4 11.4  3.4 papy999     
070000004600000090008003100000015300000302000005860000001500200090000006400000070 11.4 11.4 11.2 gsf         
000000002001002700030040050004905060000060000060403500090030040007800100800000000 11.4 11.4 10.8 gsf         
800000002009008070030090100000006010007030800040500000003070060050400300200000001 11.4 11.4 11.3 1to9only    
001000020030400500600000007080030900000950804000000060090540000200001000007080000 11.4 11.4 10.0 champagne   
000200700060030004000007080200705000040080000005902000500000900008000061030000040 11.5 11.5  2.6 JPF         
940002001600001085000870060001000090004000600830000200000016000025400000410000000  5.3  1.2  1.2 999_Springs 
001000200090008050600000007000003040000020000080905000700000006050400030002000100 11.8 11.8  3.4 gsf         
010700003000090020002000600070008000006000040500100007000040900300007005080300000 11.8  1.2  1.2 1to9only    
907020000010005000300600900003700200200000001080000040006200300000007005000040080 11.7  1.2  1.2 JPF         
102300000040005000600020700700100200003000008090000040006200300000008050000090006 11.5 11.5  9.5 ssxsssxs    
406900000020008000500600700904000500000000008010007030007400600000009001000030020 11.6 11.6  9.3 JPF         
001050060600000002040000300030700000006010008000009000500020001070004900008000020 11.8 11.8 10.7 1to9only    
010500003000040080009000600050001000008000040700200005000060900300005007020700000 11.5  1.2  1.2 1to9only    